%Differential Calculations

t = [0 0 0 1;0 0 -0.1 -2; 0 0.1 0 0;0 0 0 0];
T = [-0.707 0.707 0 -5;0 0 -1 0;-0.707 -0.707 0 30;0 0 0 1];

Tn = T + t*T;

%Finding position for a hand
J = [-0.6293 0.4899 0.6124 0 0 0;0.2899 0.2828 0.3536 0 0 0;0 -0.5656 0.7071 0 0 0;0 -0.5 0 0.6124 0 -1;0 0.866 0 0.3536 -0.7071 0;1 0 0 0.7071 0.7071 0];
q = [0.02;0.05;0.01;0.03;0.03;0];
t1 = J*q;
t2 = [0 -0.0624 0.0327 0.018;0.0624 0 0.0066 0.0235;-0.0327 -0.0066 0 -0.0212;0 0 0 0];
T06 = [0 1 0 10;1 0 0 5;0 0 -1 0;0 0 0 1];
Tn1 = T06 + t2*T06;